1 0.4575886002088324 0.0 0.0 
2 0.4575886002088324 0.0 0.0 
3 0.4247896320864812 0.0 0.0 
4 0.4247896320864812 0.0 0.0 
5 0.39647441803329037 0.0 0.0 
6 0.39647441803329037 0.0 0.0 
7 0.36576377372397273 0.0 0.0 
8 0.36576377372397273 0.0 0.0 
9 0.34813586389042445 0.0 0.0 
10 0.34813586389042445 0.0 0.0 
11 0.3325962778699097 0.0 0.0 
12 0.3325962778699097 0.0 0.0 
13 0.3188379092193354 0.0 0.0 
14 0.3188379092193354 0.0 0.0 
15 0.37073889810208216 0.0 0.0 
16 0.30636938762975247 0.0 0.0 
17 0.36772925495976905 0.0 0.0 
18 0.29623487500767764 0.0 0.0 
19 0.350899821878263 0.0 0.0 
20 0.2878815797555433 0.0 0.0 
21 0.3329648056016215 0.0 0.0 
22 0.28671457527178923 0.0 0.0 
23 0.31521405319083595 0.0 0.0 
24 0.2832749831091456 0.0 0.0 
25 0.29801609237761806 0.0 0.0 
26 0.28382777470671333 0.0 0.0 
27 0.27719427553590076 0.0 0.0 
28 0.2913825932068055 0.0 0.0 
29 0.2555125606535225 0.0 0.0 
30 0.2607333701861065 0.0 0.0 
31 0.2348750076776611 0.0 0.0 
32 0.2348750076776611 0.0 0.0 
33 0.21595725078312142 0.0 0.0 
34 0.21595725078312142 0.0 0.0 
35 0.19943492414470856 0.0 0.0 
36 0.19943492414470856 0.0 0.0 
37 0.1915115779129046 0.0 0.0 
38 0.18272833364043978 0.0 0.0 
39 0.18475523616485473 0.0 0.0 
40 0.171242552668755 0.0 0.0 
41 0.2443338861249309 0.0 0.0 
42 0.175787728026534 0.0 0.0 
43 0.20662121491308888 0.0 0.0 
44 0.17799889441680486 0.0 0.0 
45 0.24249124746637185 0.0 0.0 
46 0.18432528714452429 0.0 0.0 
47 0.21927400036852773 0.0 0.0 
48 0.24003439592162643 0.0 0.0 
49 0.1820526994656348 0.0 0.0 
50 0.22388059701492538 0.0 0.0 
51 0.18199127817701616 0.0 0.0 
52 0.2169399914010196 0.0 0.0 
53 0.18420244456728702 0.0 0.0 
54 0.2098151219212579 0.0 0.0 
55 0.1815613291566857 0.0 0.0 
56 0.20133898409188625 0.0 0.0 
57 0.18414102327866838 0.0 0.0 
58 0.19599533198206498 0.0 0.0 
59 0.1994963454333272 0.0 0.0 
60 0.18493950003071064 0.0 0.0 
61 0.18616792580308336 0.0 0.0 
62 0.18057858853878755 0.0 0.0 
63 0.18180701431116025 0.0 0.0 
64 0.1782445795712794 0.0 0.0 
65 0.18371107425833794 0.0 0.0 
66 0.1707511823598059 0.0 0.0 
67 0.19470548492107365 0.0 0.0 
68 0.17394508936797495 0.0 0.0 
69 0.1939070081690314 0.0 0.0 
70 0.17345371905902585 0.0 0.0 
71 0.1859222406486088 0.0 0.0 
72 0.17136539524599226 0.0 0.0 
73 0.18512376389656654 0.0 0.0 
74 0.17044407591671273 0.0 0.0 
75 0.18334254652662613 0.0 0.0 
76 0.16688164117683188 0.0 0.0 
77 0.18229838462010933 0.0 0.0 
78 0.1682943308150605 0.0 0.0 
79 0.17498925127449175 0.0 0.0 
80 0.16841717339229778 0.0 0.0 
81 0.16798722437196734 0.0 0.0 
82 0.16485473865241693 0.0 0.0 
83 0.16755727535163686 0.0 0.0 
84 0.16596032184755236 0.0 0.0 
85 0.1637491554572815 0.0 0.0 
86 0.1651618450955101 0.0 0.0 
87 0.1625207296849088 0.0 0.0 
88 0.16399484061175604 0.0 0.0 
89 0.1603095632946379 0.0 0.0 
90 0.16196793808734108 0.0 0.0 
91 0.15981819298568883 0.0 0.0 
92 0.1615379890670106 0.0 0.0 
93 0.15803697561574842 0.0 0.0 
94 0.15699281370923163 0.0 0.0 
95 0.156255758245808 0.0 0.0 
96 0.1740065106565936 0.0 0.0 
97 0.15300042994902033 0.0 0.0 
98 0.15545728149376573 0.0 0.0 
99 0.17056691849395 0.0 0.0 
100 0.1494379952091395 0.0 0.0 
101 0.16024814200601928 0.0 0.0 
102 0.16589890055893372 0.0 0.0 
103 0.15005220809532585 0.0 0.0 
104 0.16043240587187518 0.0 0.0 
105 0.15392174927829985 0.0 0.0 
106 0.15422885572139303 0.0 0.0 
107 0.15195626804250353 0.0 0.0 
108 0.1515263190221731 0.0 0.0 
109 0.1482709907253854 0.0 0.0 
110 0.14820956943676677 0.0 0.0 
111 0.1470425649530127 0.0 0.0 
112 0.14765677783919906 0.0 0.0 
113 0.14556845402616547 0.0 0.0 
114 0.14814814814814814 0.0 0.0 
115 0.1448928198513605 0.0 0.0 
116 0.14476997727412322 0.0 0.0 
117 0.1438486579448437 0.0 0.0 
118 0.14391007923346233 0.0 0.0 
119 0.14280449603832687 0.0 0.0 
120 0.1440329218106996 0.0 0.0 
121 0.1418217554204287 0.0 0.0 
122 0.14698114366439408 0.0 0.0 
123 0.13979485289601376 0.0 0.0 
124 0.14470855598550458 0.0 0.0 
125 0.13924206129844605 0.0 0.0 
126 0.14341870892451325 0.0 0.0 
127 0.1391806400098274 0.0 0.0 
128 0.14323444505865732 0.0 0.0 
129 0.14765677783919906 0.0 0.0 
130 0.13770652908298017 0.0 0.0 
131 0.14071617222529328 0.0 0.0 
132 0.13868926970087833 0.0 0.0 
133 0.13948774645292059 0.0 0.0 
134 0.13807505681469198 0.0 0.0 
135 0.13991769547325103 0.0 0.0 
136 0.14206744057490325 0.0 0.0 
137 0.1370923161967938 0.0 0.0 
138 0.1400405380504883 0.0 0.0 
139 0.13610957557889564 0.0 0.0 
140 0.13838216325778516 0.0 0.0 
141 0.1356796265585652 0.0 0.0 
142 0.13666236717646335 0.0 0.0 
143 0.13512683496099748 0.0 0.0 
144 0.13531109882685338 0.0 0.0 
145 0.13457404336342976 0.0 0.0 
146 0.13537252011547202 0.0 0.0 
147 0.13678520975370062 0.0 0.0 
148 0.13125729377802348 0.0 0.0 
149 0.13260856212763344 0.0 0.0 
150 0.137399422639887 0.0 0.0 
151 0.1318100853755912 0.0 0.0 
152 0.13260856212763344 0.0 0.0 
153 0.1318100853755912 0.0 0.0 
154 0.13224003439592164 0.0 0.0 
155 0.13174866408697256 0.0 0.0 
156 0.13205577053006573 0.0 0.0 
157 0.13156440022111665 0.0 0.0 
158 0.1325471408390148 0.0 0.0 
159 0.13138013635526075 0.0 0.0 
160 0.132178613107303 0.0 0.0 
161 0.13052023831459983 0.0 0.0 
162 0.13088876604631164 0.0 0.0 
163 0.12984460413979484 0.0 0.0 
164 0.1297831828511762 0.0 0.0 
165 0.12867759965604078 0.0 0.0 
166 0.1292303912536085 0.0 0.0 
167 0.12757201646090535 0.0 0.0 
168 0.12947607640808304 0.0 0.0 
169 0.12708064615195627 0.0 0.0 
170 0.12929181254222713 0.0 0.0 
171 0.13273140470487071 0.0 0.0 
172 0.12615932682267675 0.0 0.0 
173 0.12787912290399853 0.0 0.0 
174 0.12597506295682084 0.0 0.0 
175 0.12873902094465942 0.0 0.0 
176 0.13309993243658252 0.0 0.0 
177 0.12615932682267675 0.0 0.0 
178 0.13033597444874392 0.0 0.0 
179 0.12474663718444813 0.0 0.0 
180 0.12843191450156624 0.0 0.0 
181 0.12376389656654997 0.0 0.0 
182 0.12597506295682084 0.0 0.0 
183 0.1310116086235489 0.0 0.0 
184 0.1215527301762791 0.0 0.0 
185 0.12560653522510903 0.0 0.0 
186 0.1319943492414471 0.0 0.0 
187 0.12130704502180456 0.0 0.0 
188 0.1255451139364904 0.0 0.0 
189 0.12142988759904183 0.0 0.0 
190 0.12806338676985443 0.0 0.0 
191 0.12351821141207543 0.0 0.0 
192 0.12652785455438856 0.0 0.0 
193 0.1294146551194644 0.0 0.0 
194 0.12185983661937227 0.0 0.0 
195 0.12394816043240588 0.0 0.0 
196 0.12026288311528775 0.0 0.0 
197 0.12253547079417726 0.0 0.0 
198 0.11952582765186413 0.0 0.0 
199 0.12149130888766047 0.0 0.0 
200 0.1192801424973896 0.0 0.0 
201 0.12099993857871139 0.0 0.0 
202 0.11878877218844051 0.0 0.0 
203 0.12056998955838094 0.0 0.0 
204 0.1182359805908728 0.0 0.0 
205 0.12026288311528775 0.0 0.0 
206 0.11792887414777962 0.0 0.0 
207 0.12038572569252502 0.0 0.0 
208 0.11811313801363553 0.0 0.0 
209 0.1192801424973896 0.0 0.0 
210 0.11817455930225416 0.0 0.0 
211 0.11958724894048277 0.0 0.0 
212 0.12192125790799091 0.0 0.0 
213 0.11528775873717831 0.0 0.0 
214 0.11682329095264418 0.0 0.0 
215 0.12063141084699958 0.0 0.0 
216 0.1149192310054665 0.0 0.0 
217 0.11743750383883055 0.0 0.0 
218 0.11541060131441558 0.0 0.0 
219 0.11700755481850009 0.0 0.0 
220 0.11522633744855967 0.0 0.0 
221 0.11676186966402555 0.0 0.0 
222 0.1149192310054665 0.0 0.0 
223 0.11639334193231374 0.0 0.0 
224 0.11479638842822923 0.0 0.0 
225 0.11571770775750875 0.0 0.0 
226 0.11461212456237332 0.0 0.0 
227 0.11565628646889012 0.0 0.0 
228 0.11375222652171242 0.0 0.0 
229 0.11479638842822923 0.0 0.0 
230 0.11326085621276334 0.0 0.0 
231 0.11516491615994104 0.0 0.0 
232 0.11240095817210245 0.0 0.0 
233 0.11608623548922056 0.0 0.0 
234 0.11117253239972974 0.0 0.0 
235 0.11393649038756833 0.0 0.0 
236 0.11817455930225416 0.0 0.0 
237 0.11123395368834837 0.0 0.0 
238 0.11338369879000061 0.0 0.0 
239 0.11098826853387384 0.0 0.0 
240 0.11430501811928014 0.0 0.0 
241 0.1111111111111111 0.0 0.0 
242 0.11344512007861925 0.0 0.0 
243 0.11098826853387384 0.0 0.0 
244 0.11399791167618696 0.0 0.0 
245 0.1173760825502119 0.0 0.0 
246 0.11055831951354339 0.0 0.0 
247 0.11381364781033106 0.0 0.0 
248 0.11467354585099196 0.0 0.0 
249 0.10994410662735704 0.0 0.0 
250 0.11018979178183158 0.0 0.0 
251 0.10932989374117069 0.0 0.0 
252 0.1107425833793993 0.0 0.0 
253 0.1095141576070266 0.0 0.0 
254 0.11006694920459431 0.0 0.0 
255 0.10914562987531479 0.0 0.0 
256 0.10914562987531479 0.0 0.0 
257 0.10853141698912844 0.0 0.0 
258 0.11037405564768749 0.0 0.0 
259 0.10834715312327253 0.0 0.0 
260 0.10896136600945888 0.0 0.0 
261 0.10822431054603525 0.0 0.0 
262 0.10926847245255206 0.0 0.0 
263 0.11221669430624655 0.0 0.0 
264 0.10791720410294207 0.0 0.0 
265 0.10859283827774707 0.0 0.0 
266 0.1107425833793993 0.0 0.0 
267 0.10552177384681531 0.0 0.0 
268 0.10681162090780665 0.0 0.0 
269 0.10539893126957804 0.0 0.0 
270 0.10675019961918801 0.0 0.0 
271 0.11147963884282293 0.0 0.0 
272 0.10496898224924758 0.0 0.0 
273 0.10625882931023893 0.0 0.0 
274 0.10490756096062895 0.0 0.0 
275 0.10687304219642528 0.0 0.0 
276 0.1116024814200602 0.0 0.0 
277 0.10558319513543395 0.0 0.0 
278 0.10785578281432344 0.0 0.0 
279 0.10957557889564523 0.0 0.0 
280 0.10509182482648485 0.0 0.0 
281 0.10484613967201031 0.0 0.0 
282 0.10214360297279038 0.0 0.0 
283 0.10423192678582396 0.0 0.0 
284 0.10183649652969719 0.0 0.0 
285 0.10355629261101898 0.0 0.0 
286 0.10189791781831582 0.0 0.0 
287 0.10398624163134942 0.0 0.0 
288 0.10171365395245992 0.0 0.0 
289 0.10312634359068854 0.0 0.0 
290 0.10140654750936674 0.0 0.0 
291 0.10269639457035809 0.0 0.0 
292 0.1009765984890363 0.0 0.0 
293 0.10220502426140901 0.0 0.0 
294 0.1007923346231804 0.0 0.0 
295 0.10601314415576439 0.0 0.0 
296 0.10195933910693446 0.0 0.0 
297 0.10337202874516307 0.0 0.0 
298 0.10159081137522265 0.0 0.0 
299 0.10269639457035809 0.0 0.0 
300 0.10214360297279038 0.0 0.0 
301 0.10386339905411215 0.0 0.0 
302 0.1061974080216203 0.0 0.0 
303 0.09827406178981635 0.0 0.0 
304 0.1007923346231804 0.0 0.0 
305 0.0978441127694859 0.0 0.0 
306 0.10054664946870585 0.0 0.0 
307 0.09710705730606228 0.0 0.0 
308 0.10214360297279038 0.0 0.0 
309 0.09833548307843498 0.0 0.0 
310 0.10023954302561268 0.0 0.0 
311 0.09729132117191819 0.0 0.0 
312 0.10073091333456176 0.0 0.0 
313 0.09698421472882501 0.0 0.0 
314 0.10005527915975677 0.0 0.0 
315 0.09667710828573184 0.0 0.0 
316 0.09901111725323997 0.0 0.0 
317 0.0964314231312573 0.0 0.0 
318 0.10036238560284995 0.0 0.0 
319 0.10195933910693446 0.0 0.0 
320 0.0957557889564523 0.0 0.0 
321 0.09772127019224863 0.0 0.0 
322 0.09538726122474049 0.0 0.0 
323 0.09716847859468092 0.0 0.0 
324 0.09526441864750322 0.0 0.0 
325 0.09698421472882501 0.0 0.0 
326 0.09495731220441005 0.0 0.0 
327 0.09692279344020638 0.0 0.0 
328 0.0945273631840796 0.0 0.0 
329 0.0966156869971132 0.0 0.0 
330 0.0943430993182237 0.0 0.0 
331 0.0964314231312573 0.0 0.0 
332 0.09815121921257908 0.0 0.0 
333 0.09372888643203735 0.0 0.0 
334 0.09894969596462133 0.0 0.0 
335 0.09458878447269824 0.0 0.0 
336 0.09508015478164732 0.0 0.0 
337 0.09422025674098643 0.0 0.0 
338 0.09551010380197776 0.0 0.0 
339 0.09403599287513052 0.0 0.0 
340 0.09532583993612186 0.0 0.0 
341 0.09391315029789325 0.0 0.0 
342 0.09501873349302868 0.0 0.0 
343 0.09366746514341871 0.0 0.0 
344 0.09618573797678276 0.0 0.0 
345 0.10109944106627357 0.0 0.0 
346 0.09176340519624102 0.0 0.0 
347 0.0964314231312573 0.0 0.0 
348 0.09366746514341871 0.0 0.0 
349 0.0947116270499355 0.0 0.0 
350 0.09342177998894417 0.0 0.0 
351 0.09428167802960506 0.0 0.0 
352 0.09299183096861373 0.0 0.0 
353 0.09538726122474049 0.0 0.0 
354 0.09194766906209692 0.0 0.0 
355 0.09403599287513052 0.0 0.0 
356 0.09157914133038511 0.0 0.0 
357 0.09483446962717278 0.0 0.0 
358 0.09127203488729194 0.0 0.0 
359 0.09385172900927462 0.0 0.0 
360 0.0910263497328174 0.0 0.0 
361 0.09385172900927462 0.0 0.0 
362 0.09041213684663105 0.0 0.0 
363 0.0932989374117069 0.0 0.0 
364 0.0899821878263006 0.0 0.0 
365 0.09323751612308827 0.0 0.0 
366 0.08985934524906332 0.0 0.0 
367 0.09231619679380873 0.0 0.0 
368 0.08973650267182605 0.0 0.0 
369 0.09231619679380873 0.0 0.0 
370 0.08942939622873287 0.0 0.0 
371 0.09200909035071556 0.0 0.0 
372 0.08949081751735151 0.0 0.0 
373 0.09182482648485965 0.0 0.0 
374 0.08942939622873287 0.0 0.0 
375 0.09188624777347829 0.0 0.0 
376 0.08942939622873287 0.0 0.0 
377 0.09078066457834286 0.0 0.0 
378 0.08918371107425833 0.0 0.0 
379 0.09096492844419876 0.0 0.0 
380 0.08899944720840243 0.0 0.0 
381 0.09078066457834286 0.0 0.0 
382 0.08881518334254652 0.0 0.0 
383 0.09071924328972422 0.0 0.0 
384 0.08875376205392789 0.0 0.0 
385 0.09035071555801241 0.0 0.0 
386 0.0889380259197838 0.0 0.0 
387 0.08992076653768195 0.0 0.0 
388 0.08850807689945335 0.0 0.0 
389 0.0899821878263006 0.0 0.0 
390 0.0880781278791229 0.0 0.0 
391 0.08918371107425833 0.0 0.0 
392 0.0877096001474111 0.0 0.0 
393 0.08887660463116516 0.0 0.0 
394 0.09170198390762238 0.0 0.0 
395 0.08727965112708065 0.0 0.0 
396 0.08826239174497881 0.0 0.0 
397 0.08715680854984338 0.0 0.0 
398 0.08777102143602973 0.0 0.0 
399 0.08703396597260611 0.0 0.0 
400 0.09078066457834286 0.0 0.0 
401 0.09422025674098643 0.0 0.0 
402 0.08721822983846202 0.0 0.0 
403 0.09053497942386832 0.0 0.0 
404 0.08813954916774154 0.0 0.0 
405 0.087893864013267 0.0 0.0 
406 0.08801670659050427 0.0 0.0 
407 0.08826239174497881 0.0 0.0 
408 0.08746391499293656 0.0 0.0 
409 0.08764817885879246 0.0 0.0 
410 0.08697254468398748 0.0 0.0 
411 0.08721822983846202 0.0 0.0 
412 0.08666543824089429 0.0 0.0 
413 0.08863091947669062 0.0 0.0 
414 0.08684970210675019 0.0 0.0 
415 0.08752533628155519 0.0 0.0 
416 0.0910263497328174 0.0 0.0 
417 0.08715680854984338 0.0 0.0 
418 0.08924513236287697 0.0 0.0 
419 0.08752533628155519 0.0 0.0 
420 0.08881518334254652 0.0 0.0 
421 0.08727965112708065 0.0 0.0 
422 0.08869234076530925 0.0 0.0 
423 0.08709538726122475 0.0 0.0 
424 0.08875376205392789 0.0 0.0 
425 0.08697254468398748 0.0 0.0 
426 0.08863091947669062 0.0 0.0 
427 0.08691112339536884 0.0 0.0 
428 0.08844665561083472 0.0 0.0 
429 0.08764817885879246 0.0 0.0 
430 0.08832381303359745 0.0 0.0 
431 0.08758675757017383 0.0 0.0 
432 0.08758675757017383 0.0 0.0 
433 0.08734107241569929 0.0 0.0 
434 0.08746391499293656 0.0 0.0 
435 0.08850807689945335 0.0 0.0 
436 0.08703396597260611 0.0 0.0 
437 0.08709538726122475 0.0 0.0 
438 0.08678828081813156 0.0 0.0 
439 0.08684970210675019 0.0 0.0 
440 0.08648117437503838 0.0 0.0 
441 0.08764817885879246 0.0 0.0 
442 0.08648117437503838 0.0 0.0 
443 0.08709538726122475 0.0 0.0 
444 0.08623548922056384 0.0 0.0 
445 0.08697254468398748 0.0 0.0 
446 0.08611264664332657 0.0 0.0 
447 0.08734107241569929 0.0 0.0 
448 0.08592838277747067 0.0 0.0 
449 0.08635833179780111 0.0 0.0 
450 0.08869234076530925 0.0 0.0 
451 0.08586696148885203 0.0 0.0 
452 0.08611264664332657 0.0 0.0 
453 0.0856212763343775 0.0 0.0 
454 0.08721822983846202 0.0 0.0 
455 0.0856212763343775 0.0 0.0 
456 0.08783244272464837 0.0 0.0 
457 0.08617406793194521 0.0 0.0 
458 0.08641975308641975 0.0 0.0 
459 0.08592838277747067 0.0 0.0 
460 0.08623548922056384 0.0 0.0 
461 0.08592838277747067 0.0 0.0 
462 0.08629691050918248 0.0 0.0 
463 0.0859898040660893 0.0 0.0 
464 0.0858055402002334 0.0 0.0 
465 0.0858055402002334 0.0 0.0 
466 0.08574411891161476 0.0 0.0 
467 0.08727965112708065 0.0 0.0 
468 0.08549843375714022 0.0 0.0 
469 0.08396290154167435 0.0 0.0 
470 0.08261163319206437 0.0 0.0 
471 0.0845771144278607 0.0 0.0 
472 0.082673054480683 0.0 0.0 
473 0.08427000798476753 0.0 0.0 
474 0.08549843375714022 0.0 0.0 
475 0.07978625391560715 0.0 0.0 
476 0.08181315644002211 0.0 0.0 
477 0.07990909649284442 0.0 0.0 
478 0.08156747128554757 0.0 0.0 
479 0.08015478164731896 0.0 0.0 
480 0.0823045267489712 0.0 0.0 
481 0.08015478164731896 0.0 0.0 
482 0.08187457772864075 0.0 0.0 
483 0.08003193907008169 0.0 0.0 
484 0.08095325839936122 0.0 0.0 
485 0.07984767520422578 0.0 0.0 
486 0.08162889257416621 0.0 0.0 
487 0.07966341133836988 0.0 0.0 
488 0.08132178613107303 0.0 0.0 
489 0.08316442478963208 0.0 0.0 
490 0.07837356427737854 0.0 0.0 
491 0.07923346231803943 0.0 0.0 
492 0.0823045267489712 0.0 0.0 
493 0.078127879122904 0.0 0.0 
494 0.07941772618389534 0.0 0.0 
495 0.07966341133836988 0.0 0.0 
496 0.0770837172163872 0.0 0.0 
497 0.07886493458632762 0.0 0.0 
498 0.07616239788710767 0.0 0.0 
499 0.0772679810822431 0.0 0.0 
