1 0.236226276027 0.0 0.0
2 0.5 1.0 0.0
3 0.236226276027 0.0 0.0
4 0.261378293717 0.454701799644 0.0
5 0.236226276027 0.0 0.0
6 0.261378293717 0.454701799644 0.0
7 0.178060315705 0.0 0.0
8 0.261378293717 0.454701799644 0.415601965602
9 0.178060315705 0.0 0.0
10 0.253239972975 0.437688102696 0.0
11 0.178060315705 0.0 0.0
12 0.268165346109 0.433634297648 0.0
13 0.168724279835 0.0 0.0
14 0.249493274369 0.374669860574 0.0
15 0.16718874762 0.0 0.0
16 0.187119955777 0.156194336957 0.148648648649
17 0.16718874762 0.0 0.148648648649
18 0.187119955777 0.156194336957 0.148648648649
19 0.164486210921 0.0 0.148648648649
20 0.214360297279 0.293102389288 0.200368550369
21 0.164486210921 0.0 0.0754914004914
22 0.214360297279 0.293102389288 0.0656326781327
23 0.164486210921 0.0 0.0754914004914
24 0.185952951293 0.144401449542 0.0656326781327
25 0.163933419323 0.0 0.200368550369
26 0.199864873165 0.260180578589 0.0754914004914
27 0.163012099994 0.0 0.106572481572
28 0.183803206191 0.205822738161 0.106572481572
29 0.163012099994 0.0 0.287407862408
30 0.183803206191 0.205822738161 0.106572481572
31 0.163012099994 0.0 0.287407862408
32 0.183803206191 0.205822738161 0.106572481572
33 0.163134942571 0.0 0.10601965602
34 0.183803206191 0.205822738161 0.210257985258
35 0.163134942571 0.0 0.10601965602
36 0.183803206191 0.205822738161 0.210257985258
37 0.163134942571 0.0 0.10601965602
38 0.183803206191 0.205822738161 0.210257985258
39 0.159081137522 0.0 0.10601965602
40 0.184386708433 0.197776549352 0.277856265356
41 0.156992813709 0.0 0.104637592138
42 0.165991032492 0.111725323997 0.269256756757
43 0.159818192986 0.0 0.249877149877
44 0.16519255574 0.115042073583 0.0901105651106
45 0.160002456852 0.0 0.244901719902
46 0.168816411768 0.126957803575 0.0886056511057
47 0.160002456852 0.0 0.228409090909
48 0.168816411768 0.126957803575 0.0886056511057
49 0.160002456852 0.0 0.228409090909
50 0.168816411768 0.126957803575 0.0886056511057
51 0.160002456852 0.0 0.228409090909
52 0.168816411768 0.126957803575 0.0886056511057
53 0.160002456852 0.0 0.228409090909
54 0.168816411768 0.126957803575 0.0886056511057
55 0.160002456852 0.0 0.228409090909
56 0.16519255574 0.115042073583 0.0886056511057
57 0.160002456852 0.0 0.244901719902
58 0.16519255574 0.115042073583 0.0886056511057
59 0.160002456852 0.0 0.0886056511057
60 0.16519255574 0.115042073583 0.0886056511057
61 0.160002456852 0.0 0.0886056511057
62 0.16519255574 0.115042073583 0.0886056511057
63 0.160002456852 0.0 0.0886056511057
64 0.16519255574 0.115042073583 0.0886056511057
65 0.165161845096 0.0 0.0886056511057
66 0.16519255574 0.115042073583 0.228409090909
67 0.160002456852 0.0 0.0886056511057
68 0.16519255574 0.115042073583 0.0886056511057
69 0.162827836128 0.0 0.0886056511057
70 0.162490019041 0.108531416989 0.243581081081
71 0.160186720717 0.0 0.088144963145
72 0.162490019041 0.108531416989 0.227211302211
73 0.160186720717 0.0 0.088144963145
74 0.162490019041 0.108531416989 0.0850122850123
75 0.160186720717 0.0 0.088144963145
76 0.162490019041 0.108531416989 0.0850122850123
77 0.160186720717 0.0 0.088144963145
78 0.166820219888 0.118297401879 0.0850122850123
79 0.160186720717 0.0 0.151566339066
80 0.161937227443 0.106443093176 0.151566339066
81 0.160186720717 0.0 0.159828009828
82 0.161937227443 0.106443093176 0.151566339066
83 0.160186720717 0.0 0.159828009828
84 0.165315398317 0.103740556477 0.151566339066
85 0.159756771697 0.0 0.255651105651
86 0.165745347337 0.111848166575 0.151474201474
87 0.160739512315 0.0 0.205558968059
88 0.161937227443 0.104723297095 0.205528255528
89 0.160739512315 0.0 0.215786240786
90 0.161937227443 0.104723297095 0.205528255528
91 0.160739512315 0.0 0.110503685504
92 0.160923776181 0.0936060438548 0.205528255528
93 0.160739512315 0.0 0.146621621622
94 0.160923776181 0.0936060438548 0.205528255528
95 0.160739512315 0.0 0.146621621622
96 0.160923776181 0.0936060438548 0.205528255528
97 0.160739512315 0.0 0.146621621622
98 0.160923776181 0.0936060438548 0.205528255528
99 0.160739512315 0.0 0.146621621622
100 0.160923776181 0.0936060438548 0.205528255528
101 0.160739512315 0.0 0.146621621622
102 0.160923776181 0.0936060438548 0.205528255528
103 0.160739512315 0.0 0.146621621622
104 0.160923776181 0.0936060438548 0.205528255528
105 0.160739512315 0.0 0.146621621622
106 0.160923776181 0.0936060438548 0.205528255528
107 0.161537989067 0.0 0.146621621622
108 0.160923776181 0.0936060438548 0.257678132678
109 0.161537989067 0.0 0.146621621622
110 0.160923776181 0.0936060438548 0.146621621622
111 0.160186720717 0.0 0.146621621622
112 0.161230882624 0.0902892942694 0.126535626536
113 0.159449665254 0.0 0.209213759214
114 0.160094588784 0.0892451323629 0.141308353808
115 0.159388243965 0.0 0.220853808354
116 0.160033167496 0.088262391745 0.141339066339
117 0.158405503347 0.0 0.223095823096
118 0.159296112032 0.0858055402002 0.149600737101
119 0.156931392421 0.0 0.23277027027
120 0.158405503347 0.0835329525213 0.165264127764
121 0.155211596339 0.0 0.246007371007
122 0.158405503347 0.0835329525213 0.175614250614
123 0.155211596339 0.0 0.246007371007
124 0.158405503347 0.0835329525213 0.175614250614
125 0.155211596339 0.0 0.246007371007
126 0.158405503347 0.0835329525213 0.175614250614
127 0.155211596339 0.0 0.246007371007
128 0.158405503347 0.0835329525213 0.175614250614
129 0.15607149438 0.0 0.246007371007
130 0.158405503347 0.0835329525213 0.178378378378
131 0.15607149438 0.0 0.165264127764
132 0.158374792703 0.0788035132977 0.178378378378
133 0.15607149438 0.0 0.178378378378
134 0.158374792703 0.0788035132977 0.178378378378
135 0.15607149438 0.0 0.178378378378
136 0.158374792703 0.0788035132977 0.178378378378
137 0.15607149438 0.0 0.178378378378
138 0.158374792703 0.0788035132977 0.178378378378
139 0.15607149438 0.0 0.178378378378
140 0.158374792703 0.0788035132977 0.178378378378
141 0.15607149438 0.0 0.178378378378
142 0.158374792703 0.0788035132977 0.178378378378
143 0.15607149438 0.0 0.178378378378
144 0.158374792703 0.0788035132977 0.178378378378
145 0.156132915669 0.0 0.178378378378
146 0.158344082059 0.0754253424237 0.204883292383
147 0.156440022112 0.0 0.204115479115
148 0.157944843683 0.0761009765985 0.286486486486
149 0.155887230514 0.0 0.202917690418
150 0.157545605307 0.0757938701554 0.286517199017
151 0.155211596339 0.0 0.203071253071
152 0.157330630797 0.0765923469074 0.28449017199
153 0.154167434433 0.0 0.202303439803
154 0.157084945642 0.0769608746391 0.201627764128
155 0.15386032799 0.0 0.202457002457
156 0.156992813709 0.0767766107733 0.201627764128
157 0.15386032799 0.0 0.202702702703
158 0.156992813709 0.0767766107733 0.201627764128
159 0.15386032799 0.0 0.202702702703
160 0.156992813709 0.0767766107733 0.201627764128
161 0.15386032799 0.0 0.202702702703
162 0.156992813709 0.0767766107733 0.201627764128
163 0.15386032799 0.0 0.202702702703
164 0.156992813709 0.0767766107733 0.201627764128
165 0.15386032799 0.0 0.202702702703
166 0.156992813709 0.0767766107733 0.201627764128
167 0.15386032799 0.0 0.202702702703
168 0.156685707266 0.0764080830416 0.201627764128
169 0.15386032799 0.0 0.208384520885
170 0.156225047601 0.075855291444 0.20730958231
171 0.153430378969 0.0 0.213114250614
172 0.156225047601 0.075855291444 0.212039312039
173 0.153430378969 0.0 0.213114250614
174 0.156225047601 0.075855291444 0.212039312039
175 0.153430378969 0.0 0.213114250614
176 0.156225047601 0.075855291444 0.212039312039
177 0.153430378969 0.0 0.213114250614
178 0.156225047601 0.075855291444 0.212039312039
179 0.153430378969 0.0 0.138267813268
180 0.156225047601 0.075855291444 0.212039312039
181 0.153430378969 0.0 0.138267813268
182 0.15607149438 0.0738283889196 0.212039312039
183 0.153983170567 0.0 0.14484029484
184 0.15607149438 0.0738283889196 0.219717444717
185 0.153983170567 0.0 0.14484029484
186 0.15607149438 0.0738283889196 0.219717444717
187 0.153983170567 0.0 0.14484029484
188 0.15607149438 0.0738283889196 0.219717444717
189 0.153983170567 0.0 0.14484029484
190 0.15607149438 0.0738283889196 0.219717444717
191 0.153983170567 0.0 0.14484029484
192 0.155457281494 0.0700202690252 0.219717444717
193 0.153983170567 0.0 0.16035012285
194 0.155457281494 0.0700202690252 0.219717444717
195 0.153983170567 0.0 0.16035012285
196 0.155764387937 0.0730913334562 0.219717444717
197 0.154228855721 0.0 0.162807125307
198 0.15564154536 0.0732141760334 0.232555282555
199 0.154167434433 0.0 0.164772727273
200 0.15564154536 0.0732141760334 0.233968058968
201 0.154167434433 0.0 0.164772727273
202 0.155764387937 0.0722314354155 0.233968058968
203 0.153983170567 0.0 0.208138820639
204 0.155457281494 0.0705116393342 0.268611793612
205 0.15429027701 0.0 0.208814496314
206 0.155457281494 0.0705116393342 0.20773955774
207 0.15429027701 0.0 0.208814496314
208 0.155457281494 0.0705116393342 0.20773955774
209 0.15429027701 0.0 0.208814496314
210 0.155457281494 0.0705116393342 0.20773955774
211 0.15429027701 0.0 0.208814496314
212 0.155457281494 0.0705116393342 0.20773955774
213 0.15429027701 0.0 0.208814496314
214 0.155457281494 0.0705116393342 0.20773955774
215 0.15429027701 0.0 0.208814496314
216 0.155457281494 0.0705116393342 0.20773955774
217 0.15429027701 0.0 0.208814496314
218 0.155457281494 0.0705116393342 0.20773955774
219 0.15429027701 0.0 0.208814496314
220 0.154935200541 0.0657822001106 0.20773955774
221 0.15429027701 0.0 0.222665847666
222 0.154935200541 0.0657822001106 0.20773955774
223 0.15429027701 0.0 0.222665847666
224 0.154935200541 0.0657822001106 0.20773955774
225 0.15429027701 0.0 0.222665847666
226 0.154935200541 0.0657822001106 0.20773955774
227 0.15429027701 0.0 0.222665847666
228 0.154935200541 0.0657822001106 0.20773955774
229 0.15429027701 0.0 0.222665847666
230 0.154935200541 0.0657822001106 0.20773955774
231 0.15429027701 0.0 0.222665847666
232 0.154935200541 0.0657822001106 0.20773955774
233 0.15429027701 0.0 0.222665847666
234 0.155242306984 0.0698360051594 0.20773955774
235 0.15429027701 0.0 0.159459459459
236 0.155242306984 0.0698360051594 0.221652334152
237 0.153553221547 0.0 0.159459459459
238 0.156040783736 0.0661507278423 0.220331695332
239 0.152816166083 0.0 0.158415233415
240 0.155917941158 0.0554634236226 0.213206388206
241 0.152877587372 0.0 0.212438574939
242 0.155180885695 0.0668877833057 0.212530712531
243 0.152877587372 0.0 0.164957002457
244 0.155180885695 0.0668877833057 0.212530712531
245 0.152877587372 0.0 0.164957002457
246 0.155180885695 0.0668877833057 0.212530712531
247 0.152877587372 0.0 0.164957002457
248 0.155180885695 0.0668877833057 0.212530712531
249 0.152877587372 0.0 0.164957002457
250 0.15518088569498187 0.06688778330569375 0.21253071253071254
251 0.15287758737178306 0.0 0.16495700245700246
252 0.15518088569498187 0.06688778330569375 0.21253071253071254
253 0.15287758737178306 0.0 0.16495700245700246
254 0.15591794115840552 0.0554634236226276 0.21253071253071254
255 0.15287758737178306 0.0 0.21243857493857493
256 0.15591794115840552 0.0554634236226276 0.21253071253071254
257 0.15287758737178306 0.0 0.21243857493857493
258 0.15591794115840552 0.0554634236226276 0.21253071253071254
259 0.15287758737178306 0.0 0.21243857493857493
260 0.15591794115840552 0.0554634236226276 0.21253071253071254
261 0.15287758737178306 0.0 0.21243857493857493
262 0.15591794115840552 0.0554634236226276 0.21253071253071254
263 0.15287758737178306 0.0 0.21243857493857493
264 0.15591794115840552 0.0554634236226276 0.21253071253071254
265 0.15287758737178306 0.0 0.21243857493857493
266 0.15591794115840552 0.0554634236226276 0.15233415233415235
267 0.15287758737178306 0.0 0.21243857493857493
268 0.15591794115840552 0.0554634236226276 0.15233415233415235
269 0.15281616608316442 0.0 0.21243857493857493
270 0.15459738345310484 0.058595909342177996 0.15592751842751842
271 0.1539831705669185 0.0 0.21062653562653563
272 0.1543516982986303 0.05871875191941527 0.20362407862407864
273 0.1527547447945458 0.0 0.21643120393120394
274 0.1543516982986303 0.05871875191941527 0.21194717444717445
275 0.1527547447945458 0.0 0.21643120393120394
276 0.1543516982986303 0.05871875191941527 0.21194717444717445
277 0.1527547447945458 0.0 0.21643120393120394
278 0.1543516982986303 0.05871875191941527 0.21194717444717445
279 0.1527547447945458 0.0 0.21643120393120394
280 0.1543516982986303 0.05871875191941527 0.21194717444717445
281 0.1527547447945458 0.0 0.21643120393120394
282 0.1543516982986303 0.05871875191941527 0.21194717444717445
283 0.1527547447945458 0.0 0.21643120393120394
284 0.1543516982986303 0.05871875191941527 0.21194717444717445
285 0.1527547447945458 0.0 0.21643120393120394
286 0.1543516982986303 0.05871875191941527 0.21194717444717445
287 0.1527547447945458 0.0 0.21643120393120394
288 0.15309256188194828 0.05558626619986487 0.21194717444717445
289 0.15250905964007125 0.0 0.23716216216216215
290 0.152969719304711 0.056323321663288496 0.19904791154791154
291 0.1522633744855967 0.0 0.21818181818181817
292 0.152969719304711 0.056323321663288496 0.2040847665847666
293 0.1522633744855967 0.0 0.21818181818181817
294 0.152969719304711 0.056323321663288496 0.2040847665847666
295 0.15177200417664763 0.0 0.21818181818181817
296 0.15422885572139303 0.054419261716110806 0.21756756756756757
297 0.15177200417664763 0.0 0.2218058968058968
298 0.15422885572139303 0.054419261716110806 0.21756756756756757
299 0.15177200417664763 0.0 0.15949017199017199
300 0.15422885572139303 0.054419261716110806 0.21756756756756757
301 0.15177200417664763 0.0 0.15949017199017199
302 0.15422885572139303 0.054419261716110806 0.21756756756756757
303 0.15177200417664763 0.0 0.15949017199017199
304 0.15309256188194828 0.05534058104539033 0.21756756756756757
305 0.15177200417664763 0.0 0.15786240786240785
306 0.15309256188194828 0.05534058104539033 0.21756756756756757
307 0.15177200417664763 0.0 0.15786240786240785
308 0.15309256188194828 0.05534058104539033 0.21756756756756757
309 0.15177200417664763 0.0 0.15786240786240785
310 0.15309256188194828 0.05534058104539033 0.21756756756756757
311 0.15177200417664763 0.0 0.15786240786240785
312 0.15309256188194828 0.05534058104539033 0.21756756756756757
313 0.15177200417664763 0.0 0.15786240786240785
314 0.15309256188194828 0.05534058104539033 0.21756756756756757
315 0.15177200417664763 0.0 0.15786240786240785
316 0.15309256188194828 0.05534058104539033 0.21756756756756757
317 0.15177200417664763 0.0 0.15786240786240785
318 0.15309256188194828 0.05534058104539033 0.21756756756756757
319 0.15177200417664763 0.0 0.15786240786240785
320 0.15309256188194828 0.05534058104539033 0.21756756756756757
321 0.15177200417664763 0.0 0.15786240786240785
322 0.1545359621644862 0.04410048522818009 0.21756756756756757
323 0.15177200417664763 0.0 0.2035933660933661
324 0.1545359621644862 0.04410048522818009 0.21756756756756757
325 0.15177200417664763 0.0 0.2035933660933661
326 0.15281616608316442 0.05085682697622996 0.21756756756756757
327 0.15177200417664763 0.0 0.21719901719901719
328 0.15281616608316442 0.05085682697622996 0.21756756756756757
329 0.15177200417664763 0.0 0.21719901719901719
330 0.15281616608316442 0.05085682697622996 0.21756756756756757
331 0.1515263190221731 0.0 0.21719901719901719
332 0.15266261286161784 0.053375099809594005 0.24947788697788698
333 0.15164916159941036 0.0 0.2019041769041769
334 0.15266261286161784 0.053375099809594005 0.20165847665847667
335 0.15164916159941036 0.0 0.2019041769041769
336 0.15257048092868988 0.04962840120385726 0.20165847665847667
337 0.15164916159941036 0.0 0.22567567567567567
338 0.15257048092868988 0.04962840120385726 0.20165847665847667
339 0.15164916159941036 0.0 0.22567567567567567
340 0.15257048092868988 0.04962840120385726 0.20165847665847667
341 0.15164916159941036 0.0 0.22567567567567567
342 0.15257048092868988 0.04962840120385726 0.20165847665847667
343 0.15164916159941036 0.0 0.22567567567567567
344 0.15257048092868988 0.04962840120385726 0.20165847665847667
345 0.15164916159941036 0.0 0.22567567567567567
346 0.15257048092868988 0.04962840120385726 0.20165847665847667
347 0.15164916159941036 0.0 0.22567567567567567
348 0.15257048092868988 0.04962840120385726 0.20165847665847667
349 0.15164916159941036 0.0 0.22567567567567567
350 0.15257048092868988 0.04962840120385726 0.20165847665847667
351 0.15164916159941036 0.0 0.22567567567567567
352 0.15257048092868988 0.04962840120385726 0.20165847665847667
353 0.1522633744855967 0.0 0.22567567567567567
354 0.15257048092868988 0.04962840120385726 0.2122850122850123
355 0.1522633744855967 0.0 0.22567567567567567
356 0.15257048092868988 0.04962840120385726 0.2122850122850123
357 0.1522633744855967 0.0 0.22567567567567567
358 0.15257048092868988 0.04962840120385726 0.2122850122850123
359 0.1522633744855967 0.0 0.22567567567567567
360 0.15257048092868988 0.04962840120385726 0.2122850122850123
361 0.1522633744855967 0.0 0.22567567567567567
362 0.15257048092868988 0.04962840120385726 0.2122850122850123
363 0.1522633744855967 0.0 0.22567567567567567
364 0.15257048092868988 0.04962840120385726 0.2122850122850123
365 0.1518948467538849 0.0 0.22567567567567567
366 0.15257048092868988 0.04962840120385726 0.22542997542997542
367 0.1518948467538849 0.0 0.22567567567567567
368 0.15257048092868988 0.04962840120385726 0.22542997542997542
369 0.1518948467538849 0.0 0.22567567567567567
370 0.15257048092868988 0.04962840120385726 0.22542997542997542
371 0.1518948467538849 0.0 0.16793611793611793
372 0.15257048092868988 0.04962840120385726 0.22542997542997542
373 0.1518948467538849 0.0 0.16793611793611793
374 0.15257048092868988 0.04962840120385726 0.22542997542997542
375 0.1518948467538849 0.0 0.16793611793611793
376 0.15257048092868988 0.04962840120385726 0.22542997542997542
377 0.1518948467538849 0.0 0.16793611793611793
378 0.15257048092868988 0.04962840120385726 0.22542997542997542
379 0.1518948467538849 0.0 0.16793611793611793
380 0.15257048092868988 0.04962840120385726 0.22542997542997542
381 0.1518948467538849 0.0 0.16793611793611793
382 0.15238621706283398 0.04925987347214544 0.22542997542997542
383 0.1515263190221731 0.0 0.1890970515970516
384 0.15257048092868988 0.049137030894908174 0.23857493857493858
385 0.15183342546526626 0.0 0.18835995085995086
386 0.15257048092868988 0.049137030894908174 0.22671990171990172
387 0.15146489773355445 0.0 0.18835995085995086
388 0.15257048092868988 0.049137030894908174 0.23412162162162162
389 0.15146489773355445 0.0 0.18835995085995086
390 0.15257048092868988 0.049137030894908174 0.23412162162162162
391 0.15146489773355445 0.0 0.18835995085995086
392 0.15257048092868988 0.049137030894908174 0.23412162162162162
393 0.15146489773355445 0.0 0.18835995085995086
394 0.15257048092868988 0.049137030894908174 0.23412162162162162
395 0.15146489773355445 0.0 0.18835995085995086
396 0.15257048092868988 0.049137030894908174 0.23412162162162162
397 0.15146489773355445 0.0 0.18835995085995086
398 0.15257048092868988 0.049137030894908174 0.23412162162162162
399 0.15146489773355445 0.0 0.18835995085995086
400 0.15257048092868988 0.049137030894908174 0.23412162162162162
401 0.15146489773355445 0.0 0.18835995085995086
402 0.15257048092868988 0.049137030894908174 0.23412162162162162
403 0.15146489773355445 0.0 0.18835995085995086
404 0.15257048092868988 0.049137030894908174 0.23412162162162162
405 0.15146489773355445 0.0 0.18835995085995086
406 0.15257048092868988 0.049137030894908174 0.23412162162162162
407 0.15146489773355445 0.0 0.18835995085995086
408 0.15257048092868988 0.049137030894908174 0.23412162162162162
409 0.15146489773355445 0.0 0.18835995085995086
410 0.15257048092868988 0.049137030894908174 0.18402948402948402
411 0.15146489773355445 0.0 0.18835995085995086
412 0.15257048092868988 0.049137030894908174 0.18402948402948402
413 0.15146489773355445 0.0 0.18835995085995086
414 0.15257048092868988 0.049137030894908174 0.18402948402948402
415 0.15146489773355445 0.0 0.18835995085995086
416 0.15257048092868988 0.049137030894908174 0.18402948402948402
417 0.15146489773355445 0.0 0.18835995085995086
418 0.15257048092868988 0.049137030894908174 0.18402948402948402
419 0.15146489773355445 0.0 0.18835995085995086
420 0.15484306860757938 0.04078373564277379 0.18402948402948402
421 0.15146489773355445 0.0 0.23387592137592136
422 0.15484306860757938 0.04078373564277379 0.18402948402948402
423 0.15146489773355445 0.0 0.23387592137592136
424 0.15484306860757938 0.04078373564277379 0.18402948402948402
425 0.15146489773355445 0.0 0.23387592137592136
426 0.15484306860757938 0.04078373564277379 0.18402948402948402
427 0.15146489773355445 0.0 0.23387592137592136
428 0.15484306860757938 0.04078373564277379 0.18402948402948402
429 0.15146489773355445 0.0 0.23387592137592136
430 0.15484306860757938 0.04078373564277379 0.18402948402948402
431 0.15128063386769855 0.0 0.23387592137592136
432 0.1540138812112278 0.04109084208586696 0.18596437346437347
433 0.15078926355874947 0.0 0.23461302211302212
434 0.1540138812112278 0.04109084208586696 0.18538083538083538
435 0.15078926355874947 0.0 0.23461302211302212
436 0.1540138812112278 0.04109084208586696 0.18538083538083538
437 0.15078926355874947 0.0 0.23461302211302212
438 0.1540138812112278 0.04109084208586696 0.18538083538083538
439 0.15183342546526626 0.0 0.23461302211302212
440 0.15229408512990603 0.049812665069713165 0.19563882063882063
441 0.15183342546526626 0.0 0.20006142506142507
442 0.15229408512990603 0.049812665069713165 0.19563882063882063
443 0.15183342546526626 0.0 0.20006142506142507
444 0.15315398317056692 0.04072231435415515 0.19563882063882063
445 0.15072784227013084 0.0 0.24422604422604421
446 0.15327682574780419 0.04170505497205331 0.19444103194103193
447 0.15134205515631718 0.0 0.24348894348894348
448 0.15327682574780419 0.04170505497205331 0.1984029484029484
449 0.15134205515631718 0.0 0.19401105651105652
450 0.15327682574780419 0.04170505497205331 0.1984029484029484
451 0.15134205515631718 0.0 0.19401105651105652
452 0.15327682574780419 0.04170505497205331 0.1984029484029484
453 0.151034948713224 0.0 0.19401105651105652
454 0.15413672378846507 0.0413365272403415 0.2078009828009828
455 0.15140347644493582 0.0 0.20764742014742016
456 0.15238621706283398 0.04692586450463731 0.232985257985258
457 0.15140347644493582 0.0 0.18805282555282554
458 0.15238621706283398 0.04692586450463731 0.232985257985258
459 0.15140347644493582 0.0 0.18805282555282554
460 0.15238621706283398 0.04692586450463731 0.232985257985258
461 0.15140347644493582 0.0 0.18805282555282554
462 0.1543516982986303 0.048768503163196364 0.232985257985258
463 0.15183342546526626 0.0 0.18445945945945946
464 0.1533075363921135 0.0465573367729255 0.2340909090909091
465 0.15183342546526626 0.0 0.18796068796068796
466 0.15336895768073214 0.045206068423315524 0.2340909090909091
467 0.15183342546526626 0.0 0.1949938574938575
468 0.15336895768073214 0.045206068423315524 0.2340909090909091
469 0.15183342546526626 0.0 0.1949938574938575
470 0.15336895768073214 0.045206068423315524 0.2340909090909091
471 0.15183342546526626 0.0 0.1949938574938575
472 0.15336895768073214 0.045206068423315524 0.2340909090909091
473 0.15183342546526626 0.0 0.1949938574938575
474 0.15336895768073214 0.045206068423315524 0.2340909090909091
475 0.15183342546526626 0.0 0.1949938574938575
476 0.15336895768073214 0.045206068423315524 0.2340909090909091
477 0.15183342546526626 0.0 0.1949938574938575
478 0.15336895768073214 0.045206068423315524 0.2340909090909091
479 0.15183342546526626 0.0 0.1949938574938575
480 0.15336895768073214 0.045206068423315524 0.2340909090909091
481 0.15183342546526626 0.0 0.1949938574938575
482 0.15336895768073214 0.045206068423315524 0.2340909090909091
483 0.15183342546526626 0.0 0.1949938574938575
484 0.15336895768073214 0.045206068423315524 0.2340909090909091
485 0.15183342546526626 0.0 0.1949938574938575
486 0.15358393219089736 0.03912536085007064 0.2340909090909091
487 0.15183342546526626 0.0 0.23252457002457003
488 0.15358393219089736 0.03912536085007064 0.2340909090909091
489 0.15183342546526626 0.0 0.23252457002457003
490 0.15358393219089736 0.03912536085007064 0.2340909090909091
491 0.15183342546526626 0.0 0.23252457002457003
492 0.15358393219089736 0.03912536085007064 0.18424447174447176
493 0.15183342546526626 0.0 0.23252457002457003
494 0.15358393219089736 0.03912536085007064 0.18424447174447176
495 0.15183342546526626 0.0 0.23252457002457003
496 0.15358393219089736 0.03912536085007064 0.18424447174447176
497 0.15183342546526626 0.0 0.23252457002457003
498 0.15358393219089736 0.03912536085007064 0.19358108108108107
499 0.15183342546526626 0.0 0.23252457002457003
